Dir   Ha Hb Hc | Ea Eb Ec  Ia Ib Ic 
  x    0  0  0 |  0  0  0   0  0  0 
------------------------------------
  0    1  0  1 |  1  1  0   1  0  0
  0    1  0  0 |  1  0  1   1  0  0
  0    1  1  0 |  0  1  1   1  1  0
  0    0  1  0 |  1  1  0   0  1  1		
  0    0  1  1 |  1  0  1   0  1  1
  0    0  0  1 |  0  1  1   0  0  1  
  1    1  0  1 |  1  1  0   0  1  1  
  1    1  0  0 |  1  0  1   0  1  1	 
  1    1  1  0 |  0  1  1   0  0  1 
  1    0  1  0 |  1  1  0   1  0  0  
  1    0  1  1 |  1  0  1   1  0  0  
  1    0  0  1 |  0  1  1   1  1  0 
 

